`.Random.seed` <-
c(403L, 156L, 443180548L, 52044448L, 1382660234L, 836994273L, 
987451635L, -1765029030L, 1669772020L, 1875651098L, -365099995L, 
605853630L, -871706547L, -365337094L, -1583382401L, 1498952682L, 
-825577195L, -1499623414L, 1814670743L, -2067436769L, -283816925L, 
305438401L, -138301090L, -2129751990L, -252225817L, 1544091544L, 
-1617271154L, -1101042919L, 1204959920L, -509299878L, 2111918479L, 
-487644646L, -1335944134L, 614791663L, -1374024462L, -232042900L, 
1426153606L, 2082128323L, 1228065920L, -1895718379L, -1090298517L, 
2064894693L, 1511003211L, -1479566434L, -1714480530L, -959247814L, 
-698545045L, -954196039L, 74318078L, -1902975914L, 150910725L, 
890811643L, -702479317L, -1422631651L, -1889634777L, 510976635L, 
1336851069L, -1897047384L, -750092557L, 1467485606L, 463318971L, 
2035147342L, 215816341L, -329158376L, -769570156L, -1147689845L, 
-1410220648L, -1317953665L, 370348939L, 736680884L, -187518623L, 
-1507640221L, 1797804122L, -1059838597L, -1918080947L, 1310041832L, 
1936172722L, 1127388229L, -851696307L, -1441045208L, 1279635502L, 
-442501162L, 399024117L, 85120163L, -1083672283L, 1408337810L, 
-53404762L, -1414203642L, 802837594L, -1561471288L, 1075384526L, 
845136374L, -1466795558L, -704554626L, 1550509594L, 1724144140L, 
-1048897554L, -950792813L, -168984320L, 2005511794L, 420477145L, 
682201061L, -1032164931L, -138932261L, 1368294698L, 624246837L, 
1877346300L, -186676680L, -1342363748L, 1991711293L, 1233102803L, 
-1806941969L, -942514896L, -168935661L, -1071683896L, 1410687972L, 
-1580908293L, -2004862716L, -220466783L, -116428164L, 717657341L, 
345515426L, -714141367L, -1304583788L, 961791657L, -1653392781L, 
31187301L, -315424907L, -779276907L, -658778073L, 1692974394L, 
-1054007630L, -226703666L, -1510258552L, -2146943465L, 672854282L, 
-1123685365L, 1737562614L, -686591743L, 1650582452L, 1293292789L, 
-833668009L, -1325867880L, 215125987L, 1045961816L, -802049047L, 
1424839684L, -945354377L, 655704368L, -723633819L, 1521805726L, 
1968402707L, 2066228462L, -343401459L, 928483160L, 14921246L, 
-1933956951L, 1062382014L, 1825869231L, -1938155996L, 643243507L, 
1943286728L, -537364586L, -1716415614L, -1565352523L, 658265610L, 
1775465130L, -933557596L, 459669049L, -1420966679L, -1749206085L, 
-399231317L, 907438785L, 1010770108L, -483350758L, 1595718427L, 
203748875L, 1570523543L, 2146936956L, 681055773L, -1992945102L, 
-1072336434L, 1908778611L, -55194317L, 2090716536L, -2120052902L, 
87579136L, -1278771154L, -94371394L, -630314405L, 1660619052L, 
2045326680L, 942524794L, -1705834284L, 2075823785L, 1844397243L, 
1741078082L, -1747132314L, -1002580285L, -385321318L, 13052274L, 
-147188956L, -1308977395L, -1783928589L, -263833333L, -1135761323L, 
-11935187L, 967406081L, -1368010843L, 2066999581L, -409157683L, 
266455497L, 966952933L, -1650726458L, -1520125856L, 159570113L, 
700224898L, 1100878525L, 2004491271L, -875298755L, 1924830410L, 
1897674227L, 499374236L, -1538539869L, 402653639L, -662190204L, 
-497175716L, -320429197L, 1651786914L, 1484094721L, -417062082L, 
-1423399784L, -1622075234L, -1600233682L, -1408265409L, -486723598L, 
1914661279L, 22280736L, 1660519181L, -428579851L, -786096182L, 
1878957653L, 742265978L, 732273746L, -681178821L, -121552194L, 
771273732L, 665140411L, 627728050L, -2061279547L, -502377481L, 
588560448L, 253737779L, -1119945991L, -834211710L, -2081284183L, 
125941011L, -115576420L, 1684400180L, -1015261658L, -489412322L, 
1584881438L, 311209971L, -827150345L, -1489484425L, -283188778L, 
352557237L, -40049253L, 1327784191L, -1133011367L, 1175118979L, 
-1059756090L, 1110292580L, 43792815L, 845741113L, 1031289L, -1930975697L, 
1520861164L, 397252536L, -920706232L, 1207075721L, -1727807504L, 
-676282826L, 1896679032L, 2032074334L, -48685687L, 1114713341L, 
1707842136L, 1069937437L, 1496196676L, 1405412405L, 1165254622L, 
2028044092L, 1295292934L, -100706821L, 1272948782L, -4743999L, 
1431881294L, 316152357L, 905198689L, -894655454L, 155114932L, 
-653551271L, 603058360L, 2072332866L, 345873504L, -88485436L, 
-1383202942L, -1998997662L, -814987623L, 902225503L, 295625996L, 
-1384809860L, -1113235370L, 142099939L, 521245855L, 1708361676L, 
833551399L, -323299914L, 424806826L, -1945944260L, 1629217450L, 
222505323L, -1888878751L, 1978074203L, 172613430L, 1977993518L, 
-1395649058L, -129922978L, 1763564416L, 81860733L, 1967845962L, 
-836434766L, 14488100L, 522053129L, 221771831L, -1291773603L, 
-1906375476L, -367276067L, 1693466009L, 7502002L, -1756940089L, 
-505352483L, 1293983290L, -69621933L, 259565140L, 1161536381L, 
-758527147L, -993315610L, 1707914264L, 1830858999L, 1744648974L, 
-1950568170L, 1576603978L, 976969104L, 672312712L, 1787492562L, 
-1327455943L, 843891720L, 392792884L, 1222376615L, 1929974289L, 
-1897294464L, -1016048144L, 1687983481L, -183974039L, 1953901928L, 
624226290L, 320530255L, -1316941617L, 133766263L, -1619828167L, 
-1538414977L, -551436051L, 1366387784L, 355957685L, 1140385100L, 
-617962195L, 419732778L, -1437828546L, 220775740L, 325667781L, 
979734332L, 279708137L, 329331553L, -866722797L, 283669322L, 
-592490289L, -2014282951L, 553175224L, 1134777811L, 1209092327L, 
391861959L, -907560053L, -481308471L, -1721088599L, 966122145L, 
1069060132L, 1378683283L, 169460226L, -1340428895L, -456829339L, 
301718136L, 908242857L, 597610101L, 1422311235L, -681004282L, 
-1381118192L, 1589387270L, -1053481504L, 1579132313L, 163033154L, 
1125315430L, 903182092L, -921192478L, -396297859L, -270918239L, 
1392360071L, 1370180595L, -233850308L, 23986478L, -678291342L, 
-89543003L, -1104965014L, 1798926959L, 1255388159L, -1461499866L, 
-11419348L, 1346410668L, 248066616L, -482381741L, 833491813L, 
-666317123L, 742876255L, -1679561854L, -536054790L, -985951447L, 
-1695738229L, 2134921739L, -1801926373L, 1743097846L, 933673921L, 
-2030514831L, -1535865360L, 521414057L, -1074294964L, -1672274059L, 
-176780077L, 1732698674L, -251351214L, 600754641L, -193938209L, 
-283365848L, 1923839068L, 548773661L, -1505484817L, -1670523297L, 
-1690336193L, 227555335L, 1062785456L, 1921696109L, 260400018L, 
-1066090342L, -83143772L, 2134664468L, 2145617336L, -1180424680L, 
-984717225L, 960952000L, -245823806L, 480040426L, -280885702L, 
-1907631680L, 390783127L, -440805945L, -1336606691L, -707778505L, 
1312103546L, -1123098726L, 988837955L, 1095689690L, 1102158607L, 
2068222986L, -1856749211L, 600166811L, 1163994089L, -95288297L, 
483666216L, -863419352L, -1152555717L, 1075394173L, 1012257924L, 
708004086L, -159386374L, 704909590L, 1380151189L, -1136558428L, 
156854578L, 768522803L, -1052537071L, 1366085582L, -926636271L, 
-376339164L, -1527391529L, 360849087L, 718480106L, -2107235957L, 
-123009782L, 1868185501L, 940547151L, -1273566261L, -1549650476L, 
41118838L, 1393969338L, 1932629641L, -275145547L, 315039985L, 
-648429123L, 1368819577L, 169484015L, -1191150646L, -285862476L, 
1398179989L, -1336543275L, 779818414L, -74816327L, -2058469372L, 
-640671881L, 2008754630L, -1908096799L, -854047335L, 382334739L, 
-286283149L, 170803264L, 340576636L, -1897663749L, -2061604117L, 
-2071264381L, -1686194099L, -1306103177L, 1745922575L, 1707359079L, 
1349491603L, -336084720L, -9690147L, 139288705L, -1426357724L, 
-2038978888L, 240186608L, 632274553L, 550884962L, 1923365437L, 
141834517L, 1286177146L, -352995538L, 473691470L, 567862658L, 
-18299718L, -1309428474L, -1366096066L, -1276712796L, -167851758L, 
1109224716L, 1645511705L, -1593048615L, 272652689L, 1405501088L, 
473464375L, -1359672003L, 305052659L, -1203460075L, 1366281997L, 
-1191681772L, -464815794L, 1286908206L, 1080716864L, 1828168886L, 
-1794231850L, 1706455541L, 1149728864L, -775151080L, 71279183L, 
4670515L, -1829822650L, -31649254L, -1900604776L, -501435167L, 
1562854350L, -747381451L, -960460309L, 1475200814L, 182600657L, 
-1986789943L, 410678167L, 936973127L, -1191457721L, -620318305L, 
